0 0.24776785714285715 0.3013392857142857 0.12053571428571429 0.14285714285714285
0 0.734375 0.24553571428571427 0.12053571428571429 0.08928571428571429
0 0.22098214285714285 0.4486607142857143 0.11607142857142858 0.14732142857142858
0 0.13169642857142858 0.6383928571428571 0.14732142857142858 0.24107142857142858
0 0.28348214285714285 0.6473214285714286 0.13839285714285715 0.21428571428571427
0 0.42410714285714285 0.27901785714285715 0.11160714285714286 0.09375
0 0.4642857142857143 0.6584821428571429 0.14285714285714285 0.20982142857142858
0 0.6205357142857143 0.6450892857142857 0.14732142857142858 0.21428571428571427
0 0.8169642857142857 0.6540178571428571 0.15178571428571427 0.23214285714285715
0 0.765625 0.47767857142857145 0.13392857142857142 0.13392857142857142
0 0.7723214285714286 0.3549107142857143 0.13839285714285715 0.11607142857142858
0 0.6004464285714286 0.25669642857142855 0.12053571428571429 0.11607142857142858
0 0.6183035714285714 0.36607142857142855 0.125 0.08928571428571429
0 0.6049107142857143 0.4732142857142857 0.13839285714285715 0.125
0 0.42857142857142855 0.38169642857142855 0.13839285714285715 0.09821428571428571
0 0.40401785714285715 0.4955357142857143 0.13392857142857142 0.13392857142857142