0 0.7834821428571429 0.34598214285714285 0.14732142857142858 0.16964285714285715
0 0.28794642857142855 0.20982142857142858 0.13839285714285715 0.11160714285714286
0 0.7857142857142857 0.5022321428571429 0.14285714285714285 0.16964285714285715
0 0.8504464285714286 0.7142857142857143 0.1875 0.26785714285714285
0 0.6919642857142857 0.6986607142857143 0.17857142857142858 0.24107142857142858
0 0.6049107142857143 0.29464285714285715 0.13392857142857142 0.11607142857142858
0 0.5 0.6763392857142857 0.17857142857142858 0.24107142857142858
0 0.34151785714285715 0.6428571428571429 0.18303571428571427 0.24107142857142858
0 0.13392857142857142 0.6183035714285714 0.19196428571428573 0.26339285714285715
0 0.22098214285714285 0.44419642857142855 0.15625 0.16071428571428573
0 0.23214285714285715 0.31473214285714285 0.16071428571428573 0.14285714285714285
0 0.4263392857142857 0.24330357142857142 0.14285714285714285 0.13839285714285715
0 0.38839285714285715 0.35267857142857145 0.13839285714285715 0.11160714285714286
0 0.3861607142857143 0.46651785714285715 0.16517857142857142 0.15178571428571427
0 0.5825892857142857 0.39955357142857145 0.16071428571428573 0.125
0 0.5892857142857143 0.5200892857142857 0.16071428571428573 0.16071428571428573