0 0.6830357142857143 0.19866071428571427 0.14285714285714285 0.16517857142857142
0 0.16294642857142858 0.24107142857142858 0.13839285714285715 0.11160714285714286
0 0.7388392857142857 0.34598214285714285 0.13839285714285715 0.16964285714285715
0 0.8705357142857143 0.5245535714285714 0.18303571428571427 0.26339285714285715
0 0.7142857142857143 0.5625 0.17410714285714285 0.24107142857142858
0 0.4955357142857143 0.21205357142857142 0.12946428571428573 0.11160714285714286
0 0.5267857142857143 0.6116071428571429 0.17410714285714285 0.23660714285714285
0 0.36160714285714285 0.6294642857142857 0.17857142857142858 0.24107142857142858
0 0.16071428571428573 0.6808035714285714 0.1875 0.25892857142857145
0 0.17857142857142858 0.484375 0.15178571428571427 0.15625
0 0.14732142857142858 0.359375 0.16071428571428573 0.13839285714285715
0 0.3080357142857143 0.22544642857142858 0.13839285714285715 0.13392857142857142
0 0.3080357142857143 0.34375 0.13839285714285715 0.11160714285714286
0 0.34598214285714285 0.45089285714285715 0.16517857142857142 0.14732142857142858
0 0.5089285714285714 0.3169642857142857 0.15625 0.12053571428571429
0 0.5558035714285714 0.43080357142857145 0.16071428571428573 0.15625